Eigvals	30
0.18057617356761468	0.09122327887899272	0.08000644769484735	0.03679268258152585	0.02630151244383741	0.01585718315930664	0.011553265009900756	0.007892214424733866	0.006975728880601722	0.005315570500130925	0.003911794936017366	0.0023528390263453207	0.0023332259773406385	0.0018359257004185742	0.0012891173778869433	0.0010010228180391285	0.0007868953802515361	0.0	0.0	0.0	0.0	0.0	0.0	0.0	0.0	0.0	0.0	0.0	0.0	0.0

Proportion explained	30
0.3793578212698142	0.19164357977529864	0.16807904988467393	0.07729475947486078	0.055254711957106774	0.03331306858453562	0.02427131639860356	0.01658011248111967	0.014654742414968239	0.011167050469040467	0.00821797236514254	0.004942888473039551	0.0049016850108558295	0.0038569472370797676	0.0027082020300598095	0.0021029675609473583	0.0016531246128533633	0.0	0.0	0.0	0.0	0.0	0.0	0.0	0.0	0.0	0.0	0.0	0.0	0.0

Species	0	0

Site	30	30
SS004	0.0520739109061166	0.012889543678853522	-0.039863978708097145	0.0032281159754366617	-0.02136403250199934	-0.011602942713681102	-0.03880548993691601	-0.006211219873125793	0.012247363688888757	0.003222339326837064	-0.015958939810971493	0.001124833168777668	0.01190428955123918	-0.016844116675287076	-0.00517724596041957	0.005405412702073991	0.00030947478244685054	-0.0	0.0	0.0	0.0	0.0	0.0	0.0	0.0	0.0	0.0	0.0	0.0	0.0
SS007	-0.12223046723242507	-0.036790629951392394	0.006508334160046956	0.0010723514147248643	0.03542442104033614	-0.02123867319541136	-0.005219844510184183	-0.018758908062769277	0.008965512524682369	-0.004731138816444964	0.007009544870186695	-0.0006935592539326494	-0.0023813025946648396	-0.0027683867622609873	0.01127983699740635	0.003926047367153981	0.00694932819529585	-0.0	0.0	0.0	0.0	0.0	0.0	0.0	0.0	0.0	0.0	0.0	0.0	0.0
SS011	0.06873502850465131	0.062492117084115006	-0.03196274035909023	0.00489668283899304	-0.016738686345194913	-0.023241116540683043	0.01840742931004051	-0.03503008496300615	0.0025424856970270695	0.01796317225702718	0.006210517434001323	0.009091015682514738	0.004790921172653752	0.003843883755955165	-0.004236970732973051	0.00810043986701193	0.001482010994135267	-0.0	0.0	0.0	0.0	0.0	0.0	0.0	0.0	0.0	0.0	0.0	0.0	0.0
SS016	0.07771881430477849	-0.025909540844553526	-0.011163188747206359	0.04563905330058169	-0.0037400558441606432	0.010353169738369345	-0.0179632483118824	0.005035925342903271	0.011213062164376699	-0.005226450163756588	0.004080659763625302	0.02211830074305414	-0.006706554154125072	0.014582389762619599	0.002621756798529942	-0.003692975024542148	0.0071122547722816285	-0.0	0.0	0.0	0.0	0.0	0.0	0.0	0.0	0.0	0.0	0.0	0.0	0.0
SS019	-0.08433096087746753	-0.09940329619480096	-0.01602650159779756	-0.04090248917660785	-0.023336217586748736	-0.003949692220828496	0.03200771443511656	0.02642822387975681	-0.004838252612789491	0.010987572939899456	-0.017346325393132057	0.011014785082930072	-0.0033936188188749988	0.0011084867962443113	0.001313447874408693	-0.00119071437705775	-0.0026476079879836603	-0.0	0.0	0.0	0.0	0.0	0.0	0.0	0.0	0.0	0.0	0.0	0.0	0.0
SS023	0.06464338677129647	-0.07664774869342139	-0.01575970613355749	0.08217608022522326	-0.01284182050231168	0.018367775074776507	0.03545229772923121	0.009179108639580267	-0.011182633010994678	0.02536933929104748	0.007533644254922668	0.0016051960624761219	0.005405383323676284	-0.007084292281459037	-0.0023086050935465607	0.006966144112810435	0.0002102852141131412	-0.0	0.0	0.0	0.0	0.0	0.0	0.0	0.0	0.0	0.0	0.0	0.0	0.0
SS028	-0.07742011667836617	0.0732751071065419	-0.00365895612326129	0.00808909989504816	-0.024336443110067083	0.00680852999104597	0.028182167458635696	-0.026091907003788724	0.017252695714977066	-0.01373975851105974	-0.002164418579259504	-0.002809818961693867	0.004877423676517299	0.0019073314769170457	-0.00012303457461224868	-0.011347474869108084	0.006148051544895668	-0.0	0.0	0.0	0.0	0.0	0.0	0.0	0.0	0.0	0.0	0.0	0.0	0.0
SS031	-0.0030638725279869996	-0.12574181268002232	-0.04765801358461186	-0.054274077326538	-0.0531667438738911	-0.008374500395215062	-2.736896624662798e-05	-0.011882746391989217	0.029445525939542364	0.005224260786487313	0.009264590461683058	-0.007853042215032467	-0.0030760422630780643	-0.0035915275111186038	-0.0008257171066257231	-0.002539981160030174	0.0025483107097513513	-0.0	0.0	0.0	0.0	0.0	0.0	0.0	0.0	0.0	0.0	0.0	0.0	0.0
SS040	-0.07850592370733167	0.03331750390896884	-0.009515682812575825	-0.0053882307389171965	-0.041204056453449156	0.02629971695317237	0.005282463887080989	0.0038105597935077147	-0.003641586628989425	0.011247712390751799	-0.007545164732419746	-0.003855516132091491	-0.015977962780429567	-0.0006032528007117673	-0.0015179102753223761	-0.007296054135932908	0.0019306617058040183	-0.0	0.0	0.0	0.0	0.0	0.0	0.0	0.0	0.0	0.0	0.0	0.0	0.0
SS043	0.11360145530280798	-0.021132678272995663	0.06953661537649325	0.005568248281716677	0.07436794250633168	0.042244665745580307	0.019563616183224025	0.0038817636092418773	0.04168395900221433	0.010402889980868697	-0.006275832064972756	-0.007418831998979262	0.004066899337930744	-0.0024975158275082126	0.0006190177027369478	-0.006623947218686133	-0.003341864621992258	-0.0	0.0	0.0	0.0	0.0	0.0	0.0	0.0	0.0	0.0	0.0	0.0	0.0
SS047	0.048982918980063454	0.024737773918669385	-0.03248858790890702	-0.034128279512581045	-0.010646071917626867	-0.009728157995727155	-0.02230582350307127	0.008368939337917129	0.007008562364557984	0.009539936959333457	0.01533503432406747	0.0009076773774015058	-0.006071765266211855	0.0022420354059175746	-0.009530822220906841	-0.004399352366358975	-0.013880498958283888	-0.0	0.0	0.0	0.0	0.0	0.0	0.0	0.0	0.0	0.0	0.0	0.0	0.0
SS051	0.07163301388431423	0.015832161939277837	-0.02784095898763792	0.03523123984134668	-0.01592744590632554	0.014537828776347343	-0.010906114721031873	-0.0026190225358827058	-0.0004491547781776426	-0.014707100509414393	-0.006965203969041313	-0.022628093848940493	-0.0007812061607366812	0.012971377156126175	0.01213115796902596	0.007430007439482199	-0.0069922396493569475	-0.0	0.0	0.0	0.0	0.0	0.0	0.0	0.0	0.0	0.0	0.0	0.0	0.0
SS052	-0.09331759432815194	0.053849174334672775	-0.011157087587616672	0.0225246090610816	-0.017864198310951544	0.02257337277252156	0.010833154354910385	0.0013262408424180388	-0.002952592695297557	0.006769230351806616	0.01992053386306351	0.004685282346929707	-0.0004344691542696048	0.0007092536854434989	0.010041225503333051	0.0075922525036518865	-0.007352392332937656	-0.0	0.0	0.0	0.0	0.0	0.0	0.0	0.0	0.0	0.0	0.0	0.0	0.0
SS054	-0.11107315542887719	0.01302363071170689	0.01361832775269923	0.03939735048969938	0.06196311816421057	-0.008719088920906283	-0.025560016628380252	-0.015991262079145526	0.0003023504067068367	0.022117088632874576	-0.014675649617609922	0.001017828576929841	-0.009051671191423439	-0.0003492144463922084	-0.005962762867610575	0.0023739016231004596	0.0004238724550171421	-0.0	0.0	0.0	0.0	0.0	0.0	0.0	0.0	0.0	0.0	0.0	0.0	0.0
SS055	0.008625253411809372	-0.08115999847636868	0.05373546628885007	-0.04842936252092131	0.0013345810722066866	0.05446639469983204	-0.02412589599656471	-0.019934661891792275	-0.04041632483109596	0.0034607280807375865	-0.004523654320891445	0.0008279011122274164	0.003783863758315044	0.0019192549704753535	0.004935577117560674	-0.0006557063762404118	0.00400307749987806	-0.0	0.0	0.0	0.0	0.0	0.0	0.0	0.0	0.0	0.0	0.0	0.0	0.0
SS059	0.05224912957750963	0.01603035746412377	-0.019362912084775193	-0.05445622019628928	0.010895149891059216	-0.03388920324194031	-0.015707803201117677	0.008046981476957562	0.012635390743823543	0.01171625024211947	-0.002805810033247605	0.00017560056486891741	-0.0033302605007091398	0.004972440532251451	0.010354097384658702	0.0063549639081380855	0.005610130356247129	-0.0	0.0	0.0	0.0	0.0	0.0	0.0	0.0	0.0	0.0	0.0	0.0	0.0
SS063	0.09203102535338141	0.051826771574604455	-0.029256870969787747	0.03335240742844018	-0.00556573751835958	-0.006125191048574349	0.01471926309391898	0.005984652157691114	-0.0050267950331124075	-0.012166215784808235	0.0027054317228141288	0.004117843218484978	-0.013826092870825498	-0.01576268750572108	0.011434452152598489	-0.005118955993171557	0.0020963529981941403	-0.0	0.0	0.0	0.0	0.0	0.0	0.0	0.0	0.0	0.0	0.0	0.0	0.0
SS064	-0.09971461363104958	0.04124210810704557	-0.009473714107894464	0.01720557813938255	-0.012019100087127019	0.011412250511048244	-0.010113974299896791	0.0078011623477840675	-0.00296659407282559	-0.002734372525694763	0.016370176073565564	-0.016193927997086518	-0.006568803735559476	0.0025751597098555377	-0.01055081998347329	-0.001029993698004563	0.004198827196893302	-0.0	0.0	0.0	0.0	0.0	0.0	0.0	0.0	0.0	0.0	0.0	0.0	0.0
SS066	0.058979889757940406	-0.08731874480150867	-0.021286980958044613	-0.01670823129171193	0.02726127837599702	-0.020566131477615136	0.009338356565937067	0.007957189818336322	-0.0006107946476783279	-0.022351235515175896	0.006061030640775121	-0.0023491837509661694	-0.0021709837573723463	0.011344100850332597	-0.0015263201064989582	0.0026692977699635076	-0.002319185041669393	-0.0	0.0	0.0	0.0	0.0	0.0	0.0	0.0	0.0	0.0	0.0	0.0	0.0
SS070	-0.05422787285673228	0.0646183049264323	0.007050026640685035	-0.03155792389721957	0.001862763640720967	0.0028264976555839173	0.03565662535180714	-0.004017053041654951	0.002446537938595581	-0.01934162769212348	-0.028598417829212065	0.007346452765120414	-0.0022098685505795392	0.0065928017260252145	-0.006394981966177962	0.009044880043438185	-0.004242966420700453	-0.0	0.0	0.0	0.0	0.0	0.0	0.0	0.0	0.0	0.0	0.0	0.0	0.0
SS071	0.08655581818204697	0.04398553482069328	0.0029833557793988714	-0.03983105557573071	0.02627700403130304	0.008492679093759864	0.0014597651601840325	-0.0017112607877013436	-0.016884286317523697	0.00901193429924641	0.0002733000011509176	-0.007834492944337034	-0.020777798614223027	-0.001056974148169525	-0.005738562723127356	0.0029632742041487436	0.0025067800496793836	-0.0	0.0	0.0	0.0	0.0	0.0	0.0	0.0	0.0	0.0	0.0	0.0	0.0
SS075	0.0616560700974531	-0.05938152200160857	-0.036262748179276216	0.039680283657531026	-0.008680808892047753	-0.01038085846085121	-0.01187265841510111	-0.018479046881288323	-0.014170117440382256	-0.024686218891707763	-0.014724547669765995	0.0006915922964480937	-0.004611169258432753	-0.013141271238197244	-0.0023687648570042746	-0.004618345094676096	-0.005527089028941659	-0.0	0.0	0.0	0.0	0.0	0.0	0.0	0.0	0.0	0.0	0.0	0.0	0.0
SS076	-0.0870469793450549	0.002336850348692524	-0.007412696907243231	0.0027729730801530727	-0.02419160916194001	0.02474269857143084	-0.01317538282627529	0.013311056271964144	0.009083527125862412	-0.0005194989383812705	-0.0072075144784768674	-0.008530053583951468	0.019313315354206724	-0.0004885204179933902	-0.0003392104573014704	0.003957984208631593	0.0016964609874969218	-0.0	0.0	0.0	0.0	0.0	0.0	0.0	0.0	0.0	0.0	0.0	0.0	0.0
SS078	-0.09986170647798188	-0.0656872190400174	-0.018767346210303043	0.017056823079651864	0.05034141683920669	-0.03955376912718662	0.021580486210922477	-0.006050177335605178	-0.018127859316254994	-0.007216607267970157	0.012171630163310963	-0.00825193457809026	0.007213025231856617	-0.000751066649613257	-0.005198277449876587	-0.0030919666150990423	-0.0014103109392538192	-0.0	0.0	0.0	0.0	0.0	0.0	0.0	0.0	0.0	0.0	0.0	0.0	0.0
SS082	-0.06071048242626888	0.06585067660487899	0.00023923228766898	-0.033494573165815646	0.027419933007713344	-0.011420227721858805	-0.0037231994242469747	0.039614159282903495	-0.005586575813615551	-0.0028226016480911655	0.002720221448623556	0.0008787216796717337	0.0047380062754239505	-0.014329020084215842	0.007495082310725998	-0.0006489461863750018	6.263170950263301e-05	-0.0	0.0	0.0	0.0	0.0	0.0	0.0	0.0	0.0	0.0	0.0	0.0	0.0
SS083	0.07958581490806071	0.05210498864716061	0.012164194766543441	-0.06936786863203583	0.016912392219447913	0.021441752058867877	0.01058885525785261	-0.017145778263209593	-0.011621217180672381	-0.010176031756977153	0.018038397816807463	0.0083169380587526	0.014127192329905376	-0.005166475912237283	-0.0021783165299803656	-0.0011364870072549317	-0.0008222743183582408	-0.0	0.0	0.0	0.0	0.0	0.0	0.0	0.0	0.0	0.0	0.0	0.0	0.0
SS087	0.0797111769319535	0.022284592090208902	-0.020282546235907865	0.020635069999049443	0.0018951071812097662	0.0012424600120878888	-0.004229437101814982	0.03455879073381413	-0.006748059295914406	-0.012850384003666596	0.0006367523873737459	-0.0002088926018987425	0.007316381643013992	0.005325155815983792	-0.011664524316112545	0.0017469111632437537	0.01169539439903274	-0.0	0.0	0.0	0.0	0.0	0.0	0.0	0.0	0.0	0.0	0.0	0.0	0.0
SS090	-0.110073653413514	-0.010988628565331152	0.007140271783676218	0.02298130589740351	0.010215536301540503	0.017878135826929452	-0.03200714425909756	0.003571273256568069	0.010193905187595477	-0.01203679753054726	0.007850308623408103	0.018906204127740456	0.0011412312826543326	0.003637817216115851	-0.0013545832504474186	-0.0022497399411026534	-0.00649438701987075	-0.0	0.0	0.0	0.0	0.0	0.0	0.0	0.0	0.0	0.0	0.0	0.0	0.0
SS094	0.0236502998291863	-0.0062524848652051185	0.24542871667044736	0.015024198249836987	-0.04791572827396301	-0.03711213869125395	-0.0028542840600698106	0.0032603397557647664	0.001254400928056185	-0.0043815539736976675	0.00388890808589884	-0.0011919101586318553	-0.0022498103587247345	-0.001980175126989572	-0.0016570778775610083	0.002265568963212444	-0.0010737548070395419	-0.0	0.0	0.0	0.0	0.0	0.0	0.0	0.0	0.0	0.0	0.0	0.0	0.0
SS095	0.04114439222783827	0.046717107120578964	-0.009203323302917489	0.012006841179067638	-0.006631887985119377	-0.03778623572962052	-0.004474508836964621	0.0017867625638499321	-0.021052435751581857	0.022655137990480023	-0.011279203436277542	-0.0030069148386961853	0.01494144709284844	0.012683008527612057	0.00642885653859325	-0.015156445812420092	-0.0028793344442764497	-0.0	0.0	0.0	0.0	0.0	0.0	0.0	0.0	0.0	0.0	0.0	0.0	0.0

Biplot	0	0

Site constraints	0	0
