Eigvals	30
1.1410928008299865	0.7336206003478475	0.5143379894239349	0.43391466772024373	0.3345293940117116	0.31039744098667993	0.2832889769046855	0.25236499625317554	0.23641395331790682	0.21999408562171022	0.19081461317662513	0.157569391219556	0.14512613876340577	0.13032501382470563	0.12473333907491747	0.11553568193762663	0.10133069804960639	0.09516048932694895	0.08976588988131744	0.07473689477239448	0.06367218766619552	0.06066383960466174	0.05293054454029279	0.038019047171138694	0.03134052427311745	0.027456305875613006	0.022177715576950384	0.016542295208299158	0.0070935909084280345	0.0

Proportion explained	30
0.19002539082947226	0.12216932855965167	0.08565234780873028	0.07225950795606237	0.055708947418460913	0.05169027005784251	0.04717591638019172	0.04202616738078343	0.039369851290008494	0.036635462137725276	0.031776224877143135	0.02623992117685727	0.024167754995938536	0.021702933949704108	0.02077175624097882	0.019240076792157564	0.016874530700652972	0.015847010131625133	0.014948651236293433	0.012445883129028145	0.010603285146865989	0.010102307035595602	0.00881448678474706	0.006331285494400534	0.005219115719131615	0.004572279529720954	0.0036932395569839126	0.0027547769207615065	0.0011812907624848504	0.0

Species	0	0

Site	30	30
SS004	-0.1871481210852779	-0.1342971343126921	-0.0862528593340278	-0.0625712660965812	0.021874746010703886	-0.043190257517183785	-0.05873860427200284	0.12840000818565306	-0.04408312541253471	0.054299456697906	-0.11684578043410415	0.09048881240533176	-0.008666884975800216	-0.059133328319774345	0.04331003302605726	0.06593378944223527	0.10054302888629935	-0.033468251515553105	0.10857779120015634	0.027575462142217334	0.0021814521491910982	-0.06545428060316599	-0.02269287506362618	0.03851108880579684	-0.04331179382156075	0.0018824173500724766	0.04418030320481167	0.014251382910716317	-0.017876704542955903	-0.0
SS007	0.17811979679027914	0.364902102899143	-0.11194124524584158	-0.1079626532612361	0.10898615023890261	-0.060275343603833194	0.11475003127346507	0.13591473269686657	-0.009607980069508072	0.009646083832895279	0.02846552408391706	0.009023933733699687	-0.08389297703052383	0.060672602739998256	-0.00907667809585944	0.0010453222776059202	0.028053930328649397	-0.1040383257028316	-0.1259489539799516	0.09570464584401671	0.0017546209819874203	-0.006605515178135835	-0.03821594619818224	0.004800380385652729	-0.0036030505071775096	0.006390819127873191	0.008209007170020093	0.005028413703416719	0.0005217277555942337	-0.0
SS011	0.08048145814993983	-0.09474847200669567	0.26035482541280636	-0.298146007331316	0.0941307338196275	-0.08029317650034393	-0.005564070345379498	-0.07642988306142222	0.12054682539692727	-0.041999701528281766	0.01650584220869601	-0.01799517635698843	-0.12619523730015733	0.03659312771103614	0.1300116693638034	-0.11268284384156702	-0.035579961596515525	0.032173088487114254	0.05548574433684665	0.02292371590787274	-0.04388046571039358	-0.0022406271406069252	0.005001901780635514	0.013368614263900604	-0.004341962099850667	0.0019100495333511023	0.0043980612627220386	0.0023525575727807745	-0.0027485227308200995	-0.0
SS016	-0.16682995382234217	-0.09277661309901704	-0.06244457477358348	0.1113265234258121	0.06768594073146757	-0.0803182390391696	-0.0019285990328069813	-0.0832367244126046	0.044883872199249525	-0.0021244540014224477	-0.0034923735079379153	-0.03712281224081449	0.007093743561616707	0.037404048097953835	0.013443713550674594	0.051620906526038006	0.06714950325113783	-0.031568643168347885	-0.016705127153055138	-0.0009355731995771944	-0.07182976437466775	0.09473724930753	-0.01550745141572124	0.0650503757313749	-0.05690686546316638	-0.006201187741633105	-0.05447603890638858	-0.0472696138994426	-0.0045948227064656665	-0.0
SS019	0.3656769137338613	0.02522873732948898	0.07619730449078485	-0.05566937047588713	0.07888584790398113	0.17722751476366258	-0.18932415263272995	0.002047316835023871	0.06488191971254618	-0.19879439939598126	-0.22783397252873716	-0.0675928368483186	0.048718342156469176	-0.03065913278129276	-0.03275034378901084	0.019933495173992143	0.03315644666154407	-0.020940327725816554	-0.038643531452002854	-0.012262746895777374	0.024999320496561162	0.009678920068434349	-0.00870640441843633	0.0019166305771557094	0.004480901488294631	-0.0015963531968683218	-0.0038268706321538865	-0.004508774972540431	0.0010310851175755738	-0.0
SS023	0.06370797048571908	0.14383495756833006	0.19328253397844142	-0.022277179145922615	-0.07991191166642654	0.12343313324298597	0.24322521137661354	-0.24769153138730485	-0.16174181203481625	0.015741840850898078	-0.11423750582943532	0.13058924250060222	0.0037632739910275987	0.009187277849567181	0.0012027300184046332	0.04835141081774421	0.024690733285732198	-0.010961587526727571	0.013408473505306837	0.01925082534267144	-0.014103996087051455	-0.008748058621081673	0.01720920581968455	-0.009401776020528859	0.002410004889706351	-0.0030728777365119477	-0.007376643849347378	-0.004127508074913007	-0.0027589171284139553	-0.0
SS028	0.14762098756438533	-0.201583185955298	-0.20398016032194677	-0.00832171183430227	0.014130525808051573	-0.10227049010650209	0.03250666657198589	0.014979775076066777	-0.21303916484804877	0.089263612331961	-0.16227330972623183	-0.142860705523406	0.007414744977401407	0.14207918232177358	-0.01698780261351526	-0.0644255148608144	-0.0648198521241548	0.035791690126772135	0.011178693004576416	-0.0037401923940192346	-0.010167103505916375	-0.005762346771874377	0.02268737965210321	-0.013004662872867999	-0.009501998819383716	0.004345429279386167	-0.0026077766005953083	0.00988788585722329	0.001561708813757107	-0.0
SS031	-0.17683568375465678	-0.12567140996632314	-0.0372146889451986	-0.09885746235273526	0.11166013743711468	-0.01864493980708788	0.02093113998114738	0.1138618665973633	-0.17167268398499777	-0.13839091808489	0.049212855850332145	0.10788970824518002	0.017715393978346365	-0.11299841313820218	-0.051102061765976765	-0.1208747524108357	0.017454265550391337	-0.02371835165333872	0.008022231644020408	-0.00423093004021731	0.0108082149786324	0.08061333588590118	0.044082986008177755	-0.04624092676581728	0.0041122685223918595	0.015007326016461793	-0.025601058545665464	-0.003248316364355192	-0.005756634620580917	-0.0
SS040	0.18771740527146857	-0.17577706473791632	-0.12130792647769349	-0.01041572984533566	-0.12208056228768713	-0.06271016078837746	-0.016420329772258456	-0.05225052363596383	0.013045870198191985	0.09001184167821764	-0.014490449469620527	-0.042080349123484025	-0.11032985038776606	-0.19629288926512142	0.04809029818879362	0.07295234145237159	0.010865051175295824	0.09432284804081803	-0.09186709387168973	0.0701899430604897	0.013003239872190013	0.0213420935171984	0.02514821577811081	-0.023619447290686085	0.009454522437904704	-0.00860070435318213	-0.00960385527855726	0.003104344811294229	-0.0009554283404976472	-0.0
SS043	-0.15795922613906832	-0.008243537649273179	-0.012855123701017329	0.17607354433438827	0.0944493021792054	-0.0582408363404907	-0.04033189427122566	-0.05867798593649886	0.03995172062817508	-0.04845793000555664	-0.039269770989880534	0.07320376203814699	-0.010456363657855664	-0.021903167030314214	-0.05796574783883161	-0.014292585829975972	-0.12981242129775736	0.01700787964214101	-0.034037296398287904	0.03311150136964116	-0.0441423445679427	-0.009720760158903122	-0.0005067811036513222	-0.02487067127937709	-0.015409517370761006	-0.01236838956316711	0.08252258404820646	-0.049335185868467295	0.008673671309455303	-0.0
SS047	-0.23233625012315026	-0.05645032503690212	0.042312954116751914	-0.08700376641662529	-0.05957892228379934	0.11809813981375805	-0.047252001776498645	0.12148935868830006	-0.02817819396282786	0.0993471770747499	-0.03665589544758084	0.021853804596637983	0.023154374935917762	-0.01619712400206288	0.004838447807021711	0.008001752330496817	-0.039599889262348545	-0.002897820512307607	0.002645791695098601	0.032414286124466264	-0.04877025306757496	-0.026316886057032116	-0.017906107048933324	0.05333828436314538	0.0858437640494931	0.040024036400106995	-0.025872944964099462	-0.029827937379858442	0.03479064332489257	-0.0
SS051	-0.09166488173602275	0.040151620816768034	-0.08978815411937373	-0.057377418130203396	-0.061443295057308736	-0.02905590407166494	0.13882483296886042	-0.031266325554538815	-0.09347245422716609	-0.20051796563868987	0.09882926331798599	-0.16985086456652088	0.02683970755451602	-0.06519189975558545	0.06026748001298366	0.07658726591780808	-0.06483432108743122	-0.0469557497511697	0.053914060298026395	-0.021849394110521714	0.037275527100149565	0.0010385204284840566	-0.02136853042573194	0.047570515992957405	0.031366949422341604	-0.019774158395035303	0.0272367366626892	-0.006800872416711387	-0.0028958501405878796	-0.0
SS052	0.31467873863390605	-0.18700577190475853	-0.12390814290275705	0.06699005081619451	-0.06570347356041957	0.06875317579517738	-0.011172254066077372	-0.07432630173628828	0.06126501616710251	0.12258748367547016	0.05308217974844578	0.04668371351730993	0.1355895663216469	-0.036105973024728066	0.12471501740162858	-0.1048146737468476	-0.01830769598760534	-0.14907500885331382	-0.019099664107908098	-0.02263922069179712	0.0022169129583795456	0.004316741074643355	-0.02269096771555304	-0.01120509970481415	0.005692465370155553	-0.00847731908758768	0.01170832739363503	-0.0015340614827937496	-0.0028629834334064513	-0.0
SS054	0.06296826784219303	0.3546199173511102	-0.06965941372696129	-0.02824901898954682	0.00041246297102317294	0.045139082019366505	0.049989868898979065	0.0519969423604602	0.015475489523202771	0.11981551157158622	-0.030341503296469844	0.0020856822776989404	-0.0256797530038805	-0.048083732002094974	0.022987907524531986	-0.062474848382839676	0.03147632622683608	0.09127760161019086	-0.0059181560033351064	-0.15472516235322165	0.01793083784589133	0.06683117126815909	0.007450010944846008	0.041712417062885115	-0.008580211164291803	0.013807673829671335	0.03776025175464211	-0.008048092559958437	0.0037158630393773306	-0.0
SS055	-0.03424928647787096	0.1852532521709009	0.01874172896519356	0.1447621762965044	0.10436092548363053	0.0675960380921816	-0.00350284110779091	-0.0974200745417294	-0.00724941809070535	0.03981903706740859	0.06608308075379578	-0.12323348803972713	0.06899859871388284	-0.09242249978406437	-0.07822111469982078	-0.10455485303642227	0.05404428205626731	0.05149470974812284	0.06831339481208397	0.08525612065700579	-0.04715766002182756	-0.025085184200622616	-0.053691892381163384	0.0017215828660255123	-0.017864880404389282	0.005688011830550897	-0.0036436266761418552	0.03623000509474747	0.011656549226988423	-0.0
SS059	-0.232179421865272	-0.027662044734544002	0.09349819264789988	-0.07291080255925006	-0.05334637020399658	0.14272277555422674	-0.03627140074033005	0.07912922089114972	-0.014763671016407184	0.0685073504903879	-0.005233341845104905	0.03303758097200881	-0.010997406506877583	0.0226054400299364	-0.020993514720345875	0.011403093661941305	-0.10915893583515834	0.028307747916654313	-0.01979310815288472	-0.0019591100668232162	0.03216757206755135	0.04879767336850289	-0.10054134434574413	-0.007993242923512597	-0.02687249664957339	-0.08726222984504527	-0.021396431645091595	0.024278511808795037	-0.009056206727207562	-0.0
SS063	-0.1847108601976683	-0.055202581323697104	0.004230565120867387	0.15133371214413366	0.09351016740854369	-0.09235046193479894	-0.016801443543439577	-0.08251260685488422	0.07530387777935411	-0.02924017886766308	-0.04435200779782477	0.06971010210460621	-0.004258978807422413	0.01806492214398084	0.005297087435502302	0.04929136925243647	-0.072418299520875	-0.025326422470924915	-0.039007455256543686	-0.018465596555752025	0.018480558427868284	0.04922574537960756	0.017176547174989367	0.044017724569719745	0.027826904453889162	0.049984750832531656	-0.0002466282890584263	0.08211218845316869	0.0010507680996050082	-0.0
SS064	0.29662827102266276	-0.14408512676711577	-0.1501153070549813	0.02212312148677667	-0.07715926245712725	0.08333932865418828	0.08709795679202494	-0.00018116205903721689	0.14926595867249967	0.011307444937445645	0.04162188470882063	0.03407144626637517	-0.14152634707107603	0.02606473956097478	-0.18603538649211526	-0.0049760733048615745	-0.019583525056574493	-0.03973095141227591	0.11873057036056742	0.00032429518165521783	0.031448523784732195	0.0152763988843445	0.00907842824364976	0.01622321201302939	0.012514750691722244	0.004083479478803769	-0.007482102965851449	-0.007005907359478651	-0.0024076688810737395	-0.0
SS066	-0.12176991880381953	0.06468045063841392	-0.061105120601064634	0.10351900752244485	0.12901141358988924	0.005749877920676912	-0.0030540723563682337	-0.026610492882379804	0.02420441539505276	0.00048648313227626395	0.010158984571915488	0.019408117185050398	-0.017036202613788107	-0.019858897827481563	-0.008882347165825852	-0.0643805250598611	-0.02056575716453511	0.027367503994778133	-0.053606157835188524	-0.04021906984809005	0.03125522128234674	-0.13837730964004755	0.04946867193208036	0.04273679980973299	0.027907161263560954	-0.03681044429809999	-0.04641748707378681	-0.013560729612413495	-0.03184270502397224	-0.0
SS070	-0.024998546211839747	0.1927483422309259	-0.08115728747967049	-0.028979561784519752	-0.26946003834285115	-0.10750390213660184	-0.11781606295552537	-0.001423835130864305	-0.006754460608096088	-0.09688391995588937	0.003679856734155973	0.02420613310362634	-0.0476063713677145	-0.015848390073603613	-0.026159565330585388	-0.0009934513485216807	-0.010379421086162332	-0.04824277500357153	-0.0025736521707331117	-0.08059433740901212	-0.12775605502960002	-0.05205838863839036	0.0032823638494196014	-0.035136695704540526	-0.01863420788458253	-0.011255971310675704	-0.021165555245919992	0.02390782923991539	0.008882034010208964	-0.0
SS071	-0.23484896705108502	-0.004533926667222953	0.08184310441105525	-0.045095556853149844	-0.10180549797158779	0.15683598235219592	0.009269061608367499	0.03486057633553773	0.05836871658272742	0.044815248023086104	0.04004822048935674	-0.10533137280375063	0.02902701797011609	0.03149290928974148	-0.023072195069079655	0.02801646965847071	-0.01852581543961776	-0.0013986607360959268	-0.03420617886722881	0.005134349902912271	-0.034942933169710005	0.006112045459158252	0.01046730494437547	-0.047768548546999565	-0.006497857209102246	0.07714530563367147	0.014469485753393187	-0.007708023243466652	-0.04828000390184194	-0.0
SS075	-0.22245147462899773	-0.11007280976391853	-0.01030184566297014	0.00304892186642638	0.05130216881788134	0.00705522696905656	0.05914201364072057	-0.0539390203766575	0.03699804169968342	-0.01808191836020858	0.00793374528585062	-0.024083319777102367	-0.057589052327082196	0.0007169718332049235	0.028940625217903686	0.014014825999845352	0.015926837117328015	-0.012827624232402846	-0.020249655702768665	-0.06683574232974523	0.10114318164863174	-0.0691651338194923	-0.06074894451303771	-0.060634307035815814	-0.05417455904901831	0.04968681249182826	-0.0236045953067261	-0.012810728230217025	0.031397567017908	-0.0
SS076	0.2796319954919245	-0.15971332888646925	-0.14831251814835014	-0.020065502899078148	0.01984564615102589	0.10827376269801102	0.08925153566275608	0.0780887597215593	0.02404072913937579	-0.13069410583181734	0.1271629601012879	0.10593555692091783	0.10137108887445949	0.08337726803323867	0.04139216113458411	0.05113569837618253	0.010541959407256479	0.14927446707631337	-0.028730911746799342	0.004853614729850146	-0.04690152187990861	-0.02977299647149296	-0.008735356457467517	0.011777702808109147	-0.022769379334650997	0.010025801431290697	0.0021229512692741647	0.011117331129856326	0.005943533241137011	-0.0
SS078	0.04358736841556074	0.3187926253663413	-0.08508543233318987	0.10102086063687504	0.09623896239205765	-0.0383067883389954	-0.019881252923787392	0.07664336318048287	0.0859282927783898	0.032376897070320605	-0.033245298039885775	0.014605310246989965	0.04517285141450862	0.01918293997452034	0.11188926046825984	0.0831015955756745	-0.053185310849917886	0.016518313434232112	0.12922958792722652	0.0338967801608295	0.015570915047111496	0.02536250658740443	0.04183024156253648	-0.07645887049471792	0.017356007164227274	-0.007961618324036463	-0.036475920048575354	-0.010190963799219957	-3.8419983494004294e-05	-0.0
SS082	-0.03290819268633198	0.1507108638706137	-0.00619370770452833	0.05882759477412563	-0.24918828874254043	-0.09418946903263112	-0.20376081175427715	-0.07601030556672358	-0.058114053474744375	-0.0624891296905005	0.048748023286452176	0.06130814208953561	0.012350535120172942	0.0940129767869692	0.018149663157942267	-0.0711567238633231	0.03596731140432773	0.050698921851768976	0.009351221173510163	0.07292479181464616	0.10640735626348052	0.018834720429778466	-0.017630890117443888	0.02601485749409835	0.006009986112823192	0.021120763724039326	0.002947460685934594	-0.01690532810260933	-0.005987062839766665	-0.0
SS083	-0.2435238347309107	-0.02059017118364322	0.06359038537952696	0.0013493727217753547	-0.07076000577351942	0.14889879547773624	-0.003795678513714567	0.045109901318465324	0.04630166099864869	0.015714100921690503	0.04498361968949044	-0.06191075255332821	0.006396806026196417	0.04860207165659055	0.010401081386156322	-0.006143267849641127	0.03973003292902587	-0.03952374020026545	-0.025762476583120336	0.03513692926592835	0.028282122668939303	0.0023882636918804534	0.15026620534680135	0.011411206146949477	-0.043183100532154545	-0.041259318751998154	0.020012538541605906	0.015555044505408785	0.025856762566824915	-0.0
SS087	-0.21362819973273503	-0.12946693065002	-0.04547044253960143	0.05261149319464053	0.05653168456750294	-0.011710383256972724	0.0002806587916237275	-0.049203526132000706	0.034277728061702116	-0.011597758692837055	0.012905970332949327	-0.020738277115776107	-0.04141677907971555	0.09211291281528232	0.005312166257221819	0.008811929709493793	0.16208377889178197	0.014166892822038075	-0.014261808704376802	-0.03544362671901554	-0.020080248737759557	0.02118792492083095	-0.0318881971169884	-0.058521788986334256	0.0919202196207951	-0.04503412449133951	0.029259210837039754	0.004610481207336212	-0.00026813110024216284	-0.0
SS090	0.278136592035166	-0.0031319056767103665	0.15137876937115483	-0.04030539662166069	0.1719515580125647	0.014660791545062484	-0.23068520313902532	-0.06089774418960168	-0.1849351150854818	0.10663854566227296	0.18442904915714153	0.00046649727370621293	-0.036175152592338194	0.01687883827964494	-0.0389558438336889	0.11377247594296251	-0.00881109061483266	-0.028799071635743356	0.010535460225174249	-0.04550176377493128	-0.0002644472752356673	-0.008097106364943792	0.016393942553688742	-0.0010056751128509076	-0.0017939718833068915	0.004718367363220011	0.007860840291919196	-0.0025785442764129645	0.0012181857277082705	-0.0
SS094	0.2506072516158637	-0.10570659052505779	0.41647496258343364	0.31999737853662436	-0.08632600523679032	-0.1277298991934411	0.10668067112923295	0.21452338396203985	-0.021059879807015985	-0.01460199654484342	-0.001517530203631366	-0.029813965556970454	-0.010305510979305516	-0.010211528504915267	0.009098724834156103	-0.011696940153673679	0.021971017571283752	-0.0026101704553183756	-0.0034500323434320393	-0.018741788336023288	0.0033630870154745672	-0.007460074672034545	-0.01051963033033034	0.0022970688755998858	0.0016260266001443255	-0.0019812453854284174	-0.0022507722757297553	-0.002594286835599229	-0.0007360905684758179	-0.0
SS095	0.008479801994118363	-0.004203939394762925	0.10518862459484228	-0.2687753531593716	-0.018204739939119665	-0.260993373230191	0.05435102450746073	-0.02496716239046987	0.11993187768952168	0.07349626158000745	-0.004062321204146293	-0.001953624971236672	0.19852682210502398	-0.014141253615171963	-0.1291454653709705	0.03949331157388611	0.01192779218032918	0.013681817805060881	-0.015531759853286337	-0.010553006779680036	0.03170812883847112	-0.01087864193403155	0.011807913060914013	-0.006606749027271707	0.004923920105518557	-0.014165101842250305	-0.0006394505722057325	-0.004381101816199814	0.002766053418768387	-0.0

Biplot	0	0

Site constraints	0	0
